0.90202
0.55036
1.6924
1.6731
-0.24147
5.1936
0.93855
0.48805
-0.1293
2.3178
1.0964
1.2443
3.5818
0.72149
-0.14397
0.37183
-0.59279
-1.2271
2.3393
2.9858
1.6924
3.8298
-1.0283
-0.70074
2.4687
3.9474
1.4083
1.4413
2.8417
1.8783
0.57577
0.32005
1.7989
0.46264
-0.80297
1.4493
1.9112
2.0271
3.0517
0.80876
1.9643
-0.26352
4.9744
1.8825
0.51927
0.43685
2.1749
-0.087187
0.96691
0.30407
1.0256
2.479
1.0179
1.7697
-0.50468
3.03
1.6548
2.9463
0.62487
2.5732
1.254
2.9859
1.8678
2.122
3.221
0.95706
1.8392
0.31785
1.4563
-3.1846
-0.12727
1.4066
-0.55572
0.4241
-0.31814
1.6181
1.425
1.6386
1.0823
-0.23181
1.0734
-1.2038
0.23088
1.74
-1.0428
0.97822
3.8803
2.8078
1.3261
0.92306
-0.28904
1.1287
1.3961
0.68549
0.83408
0.19791
2.0445
2.639
-1.4501
1.5807
